= hx model restart     v0.1 CEFR-1D


*>> problem type
0000100     restart     transnt

0000103     81354

*>> Time step control
*>> endtime min.step max.step ctl.option minor.freq major.freq restart.freq
0000201     2000.0   1.e-09  0.050   7   100     100     5000

* 移除泵控制器
502 time 0 gt null 0 1.0e6 l    *pump 865/895 trip signal (false)
611 502 and 502 n -1.0          *pump velocity control


*
* 堆芯热构件热源重设置（使用点堆动力学模型）
*
*$$$$$$$$$$$$$$$$$$$$$$$$$$$$$$$$$$$$$$$$$$$$$$$$$$$$$$$$$$$$$$$$$$$$$
*$$$$$$$$$$$$$$$$$$$$$                      $$$$$$$$$$$$$$$$$$$$$$$$$$
*$$$$$$$$$$$$$$$$$$$$$    HEAT STRUCTURE    $$$$$$$$$$$$$$$$$$$$$$$$$$
*$$$$$$$$$$$$$$$$$$$$$                      $$$$$$$$$$$$$$$$$$$$$$$$$$
*$$$$$$$$$$$$$$$$$$$$$$$$$$$$$$$$$$$$$$$$$$$$$$$$$$$$$$$$$$$$$$$$$$$$$


*>> 对应200-堆芯燃料组件
*>> num.axl num.rad type flag l.bnd refl bnd.vol max.i
12001000  16 31 2 1 0.0 0 1 32  * 轴向16、径向31、圆柱形、无再淹没
*>> Heat Structure Mesh Flags
*>> location format
12001100  0 2
*>> mesh_interval  number
12001101  0.0001 30
*>> Heat Structure Composition Data (Radial)
*>> compo.num(需与热构件热物性数据表201MMMNN中MMM相同) intervel.num
12001201  5  8      * 材料5——He气体
12001202  1  26     * 材料1——UO2燃料
12001203  5  27     * 材料5——He气体
12001204  3  30     * 材料3——316型不锈钢
*>> Heat Structure Source Distribution Data (Radial)
*>> source_value(热源值)  interval.num
12001301  0.0   8
12001302  0.500 17
12001303  0.500 26
12001304  0.0   30
*>> Initial Temperature Flag
12001400  0
*>> Initial Temperature Data
*>> temperature  mesh_point_num
12001401  633.  31
*>> Left Boundary Condition
12001501  0     0    0      1     247.05  16    *对称或绝热边界,左控制体为0
*>> Right Boundary Condition
*>>     right  inc  cnd.type  a.code  area/len/fac  num
12001601  200060000  10000  1  1  247.05  16    *右边界为200组件
*>> Source Data
*>> type in.mltip lf.mltp rt.mltp num
12001701  1000 0.0027163  0. 0.  01    *热源用点堆动力学模型
12001702  1000 0.0027163  0. 0.  02
12001703  1000 0.0027163  0. 0.  03
12001704  1000 0.0027163  0. 0.  04
12001705  1000 0.0027163  0. 0.  05   *------------------
12001706  1000 0.0277145  0. 0.  06
12001707  1000 0.0798007  0. 0.  07
12001708  1000 0.1222618  0. 0.  08
12001709  1000 0.1499763  0. 0.  09
12001710  1000 0.1596014  0. 0.  10
12001711  1000 0.1499763  0. 0.  11
12001712  1000 0.1222618  0. 0.  12
12001713  1000 0.0798007  0. 0.  13
12001714  1000 0.0277145  0. 0.  14   
12001715  1000 0.0034938  0. 0.  15   *-------------------
12001716  1000 0.0034938  0. 0.  16
*>> Additional Right Boundary
12001901  0. 10.05 0.05 0. 0. 0. 0. 1. 16

*>> 对应210-控制棒组件
12101000  16 31 2 1 0.0 0 1 32
12101100  0 2
12101101  0.0001 30
12101201  5  8
12101202  1  26
12101203  5  27
12101204  3  30
12101301  0.0   8
12101302  0.500 17
12101303  0.500 26
12101304  0.0   30
12101400  0
12101401  633.  31
12101501  0     0    0      1     120.05  16
12101601  210060000  10000  1  1  120.05  16
12101701  1000 0.0002381 0. 0.  01
12101702  1000 0.0002381 0. 0.  02
12101703  1000 0.0002381 0. 0.  03
12101704  1000 0.0002381 0. 0.  04
12101705  1000 0.0002381 0. 0.  05   *------------------
12101706  1000 0.0002381 0. 0.  06
12101707  1000 0.0002381 0. 0.  07
12101708  1000 0.0002381 0. 0.  08
12101709  1000 0.0002381 0. 0.  09
12101710  1000 0.0002381 0. 0.  10
12101711  1000 0.0002381 0. 0.  11
12101712  1000 0.0002381 0. 0.  12
12101713  1000 0.0002381 0. 0.  13
12101714  1000 0.0002381 0. 0.  14   
12101715  1000 0.0002381 0. 0.  15   *-------------------
12101716  1000 0.0002381 0. 0.  16
12101901  0. 10.05 0.05 0. 0. 0. 0. 1. 16

12201000  16 31 2 1 0.0 0 1 32
12201100  0 2
12201101  0.0001 30
12201201  5  8
12201202  1  26
12201203  5  27
12201204  3  30
12201301  0.0   8
12201302  0.500 17
12201303  0.500 26
12201304  0.0   30
12201400  0
12201401  633.  31
12201501  0     0    0      1     500.05  16
12201601  220060000  10000  1  1  500.05  16
12201701  1000 0.0015238 0. 0.  01
12201702  1000 0.0015238 0. 0.  02
12201703  1000 0.0015238 0. 0.  03
12201704  1000 0.0015238 0. 0.  04
12201705  1000 0.0015238 0. 0.  05   *------------------
12201706  1000 0.0015238 0. 0.  06
12201707  1000 0.0015238 0. 0.  07
12201708  1000 0.0015238 0. 0.  08
12201709  1000 0.0015238 0. 0.  09
12201710  1000 0.0015238 0. 0.  10
12201711  1000 0.0015238 0. 0.  11
12201712  1000 0.0015238 0. 0.  12
12201713  1000 0.0015238 0. 0.  13
12201714  1000 0.0015238 0. 0.  14   
12201715  1000 0.0015238 0. 0.  15   *-------------------
12201716  1000 0.0015238 0. 0.  16
12201901  0. 10.05 0.05 0. 0. 0. 0. 1. 16

12301000  16 31 2 1 0.0 0 1 32
12301100  0 2
12301101  0.0001 30
12301201  5  8
12301202  1  26
12301203  5  27
12301204  3  30
12301301  0.0   8
12301302  0.500 17
12301303  0.500 26
12301304  0.0   30
12301400  0
12301401  633.  31
12301501  0     0    0      1     750.05  16
12301601  230060000  10000  1  1  750.05  16
12301701  1000 0.0002857 0. 0.  01
12301702  1000 0.0002857 0. 0.  02
12301703  1000 0.0002857 0. 0.  03
12301704  1000 0.0002857 0. 0.  04
12301705  1000 0.0002857 0. 0.  05   *------------------
12301706  1000 0.0002857 0. 0.  06
12301707  1000 0.0002857 0. 0.  07
12301708  1000 0.0002857 0. 0.  08
12301709  1000 0.0002857 0. 0.  09
12301710  1000 0.0002857 0. 0.  10
12301711  1000 0.0002857 0. 0.  11
12301712  1000 0.0002857 0. 0.  12
12301713  1000 0.0002857 0. 0.  13
12301714  1000 0.0002857 0. 0.  14   
12301715  1000 0.0002857 0. 0.  15   *-------------------
12301716  1000 0.0002857 0. 0.  16
12301901  0. 10.05 0.05 0. 0. 0. 0. 1. 16

12501000  16 31 2 1 0.0 0 1 32
12501100  0 2
12501101  0.0001 30
12501201  5  8
12501202  1  26
12501203  5  27
12501204  3  30
12501301  0.0   8
12501302  0.500 17
12501303  0.500 26
12501304  0.0   30
12501400  0
12501401  633.  31
12501501  0     0    0      1     3.05  16
12501601  250060000  10000  1  1  3.05  16
12501701  1000 4.37156E-05 0. 0.  01
12501702  1000 4.37156E-05 0. 0.  02
12501703  1000 4.37156E-05 0. 0.  03
12501704  1000 4.37156E-05 0. 0.  04
12501705  1000 4.37156E-05 0. 0.  05   *------------------
12501706  1000 0.000446035 0. 0.  06
12501707  1000 0.001284305 0. 0.  07
12501708  1000 0.00196767  0. 0.  08
12501709  1000 0.002413705 0. 0.  09
12501710  1000 0.002568611 0. 0.  10
12501711  1000 0.002413705 0. 0.  11
12501712  1000 0.00196767  0. 0.  12
12501713  1000 0.001284306 0. 0.  13
12501714  1000 0.000446035 0. 0.  14   
12501715  1000 5.62284E-05 0. 0.  15   *-------------------
12501716  1000 5.62284E-05 0. 0.  16
12501901  0. 10.05 0.05 0. 0. 0. 0. 1. 16


*
* 添加点堆动力学卡片
*
*$$$$$$$$$$$$$$$$$$$$$$$$$$$$$$$$$$$$$$$$$$$$$$$$$$$$$$$$$$$$$$$$$$$$$         
*$$$$$$$$$$$$$$$$$$$$$                      $$$$$$$$$$$$$$$$$$$$$$$$$$         
*$$$$$$$$$$$$$$$$$$$$$    POINT KINETICS    $$$$$$$$$$$$$$$$$$$$$$$$$$         
*$$$$$$$$$$$$$$$$$$$$$                      $$$$$$$$$$$$$$$$$$$$$$$$$$         
*$$$$$$$$$$$$$$$$$$$$$$$$$$$$$$$$$$$$$$$$$$$$$$$$$$$$$$$$$$$$$$$$$$$$$         

30000000  point  separabl
*>>     decay_type  total_pow   init_$
30000001  gamma-ac  65.0e6      0.0     73100.      1.2     1.0
*>>     fission product type
30000002  ans79-1
*>> Reactivity (or Scram) Curve or Control Variable Numbers
30000011  111      * 在再启动中添加
30000501  45.0    0.0   *negligible
30000601  1600.0  0.0   *negligible
*** volume weighting factors and temperature coefficients      * TODO: 权重?
*>>         vol        inc  weighting   $/K
30000701    200060000   0   0.04159     -6.87E-03
30000702    200070000   0   0.04159     -6.87E-03
30000703    200080000   0   0.05681     -6.87E-03
30000704    200090000   0   0.08726     -6.87E-03
30000705    200100000   0   0.08726     -6.87E-03
30000706    200110000   0   0.08941     -6.87E-03
30000707    200120000   0   0.09049     -6.87E-03
30000708    200130000   0   0.09049     -6.87E-03
30000709    200140000   0   0.08914     -6.87E-03
30000710    200150000   0   0.08914     -6.87E-03
30000711    200160000   0   0.08056     -6.87E-03
30000712    200170000   0   0.06341     -6.87E-03
30000713    200180000   0   0.06341     -6.87E-03
30000714    200190000   0   0.02321     -6.87E-03
30000715    200200000   0   0.00312     -6.87E-03
30000716    200210000   0   0.00311     -6.87E-03
***** fuel temperature doppler coefficients      * TODO: 权重?
***>>         vol        inc  weighting   $/K
**30000801    2001001     0   0.0625      0.
**30000802    2001002     0   0.0625      0.
**30000803    2001003     0   0.0625      0.
**30000804    2001004     0   0.0625      0.
**30000805    2001005     0   0.0625      0.
**30000806    2001006     0   0.0625      0.
**30000807    2001007     0   0.0625      0.
**30000808    2001008     0   0.0625      0.
**30000809    2001009     0   0.0625      0.
**30000810    2001010     0   0.0625      0.
**30000811    2001011     0   0.0625      0.
**30000812    2001012     0   0.0625      0.
**30000813    2001013     0   0.0625      0.
**30000814    2001014     0   0.0625      0.
**30000815    2001015     0   0.0625      0.
**30000816    2001016     0   0.0625      0.


20211100  reac-t    402
20211101  -1.00     0.00
20211102  0.00      0.00
20211103  1000.0    0.00
20211104  1000.1    -0.0001
20211105  12000.00  -0.0001
20211106  30000.00  -0.0001




.end


